#SampleID
000005059
000005060
000005061
000005062
000005063
000005064
000005065
000005066
000005067
000005068
000005069
000005070
000005071
000005072
000005073
000005074
000005075
000005076
000005077
000005078
000005079
000005080
000005081
000005082
000005083
000005084
000005085
000005086
000005087
000005088
000005089
000005090
000005091
000005092
000005093
000005094
000005095
000005096
000005097
000005098
000005099
000005100
000005101
000005102
000005103
000005104
000005105
000005106
000005107
000005108
000005109
000005110
000005111
000005112
000005113
000005114
000005115
000005116
000005117
000005118
000005119
000005120
000005121
000005122
000005123
000005124
000005125
000005126
000005127
000005128
000005129
000005130
000005131
000005132
000005133
000005134
000005135
000005136
000005137
000005138
000005139
000005140
000005141
000005142
000005143
000005144
000005145
000005146
000005147
000005148
000005149
000005150
000005151
000005152
000005153
000005154
000005155
000005156
000005157
000005158
000005159
000005160
000005161
000005162
000005163
000005164
000005165
000005166
000005167
000005168
000005169
000005170
000005171
000005172
000005173
000005174
000005175
000005176
000005177
000005178
000005179
000005180
000005181
000005182
000005183
000005184
000005185
000005186
000005187
000005188
000005189
000005190
000005191
000005192
000005193
000005194
000005195
000005196
000005197
000005198
000005199
000005200
000005201
000005202
000005203
000005204
000005205
000005206
000005207
000005208
000005209
000005210
000005211
000005212
000005213
000005214
000005215
000005216
000005217
000005218
000005219
000005220
000005221
000005222
000005223
000005224
000005225
000005226
000005227
000005228
000005229
000005230
000005231
000005232
000005233
000005234
000005235
000005236
000005237
000005238
000005239
000005240
000005241
000005242
000005243
000005244
000005245
000005246
000005247
000005248
000005249
000005250
000005251
000005252
000005253
000005254
000005255
000005256
000005257
000005258
000005259
000005260
000005261
000005262
000005263
000005264
000005265
000005266
000005267
000005268
000005269
000005270
000005271
000005272
000005273
000005274
000005275
000005276
000005277
000005278
000005279
000005280
000005281
000005282
000005283
000005284
000005285
000005286
000005287
000005288
000005289
000005290
000005291
000005292
000005293
000005294
000005295
000005296
000005297
000005298
000005299
000005300
000005301
000005302
000005303
000005304
000005305
000005306
000005307
000005308
000005309
000005310
000005311
000005312
000005313
000005314
000005315
000005316
000005317
000005318
000005319
000005320
000005321
000005322
000005323
000005324
000005325
000005326
000005327
000005328
000005329
000005330
000005331
000005332
000005333
000005334
000005335
000005336
000005337
000005338
000005339
000005340
000005341
000005342
000005343
000005344
000005345
000005346
000005347
000005348
000005349
000005350
000005351
000005352
000005353
000005354
000005355
000005356
000005357
000005358
000005359
000005360
000005361
000005362
000005363
000005364
000005365
000005366
000005367
000005368
000005369
000005370
000005371
000005372
000005373
000005374
000005375
000005376
000005377
000005378
000005379
000005380
000005381
000005382
000005383
000005384
000005385
000005386
000005387
000005388
000005389
000005390
000005391
000005392
000005393
000005394
000005395
000005396
000005397
000005398
000005399
000005400
000005401
000005402
000005403
000005404
000005405
000005406
000005407
000005408
000005409
000005410
000005411
000005412
000005413
000005414
000005415
000005416
000005417
000005418
000005419
000005420
000005421
000005422
000005423
000005424
000005425
000005426
000005427
000005428
000005429
000005430
000005431
000005432
000005433
000005434
000005435
000005436
000005437
000005438
000005439
000005440
000005441
000005442
000005443
000005444
000005445
000005446
000005447
000005448
000005449
000005450
000005451
000005452
000005453
000005454
000005455
000005456
000005457
000005458
000005459
000005460
000005461
000005462
000005463
000005464
000005465
000005466
000005467
000005468
000005469
000005470
000005471
000005472
000005473
000005474
000005475
000005476
000005477
000005478
000005479
000005480
000005481
000005482
000005483
000005484
000005485
000005486
000005487
000005488
000005489
000005490
000005491
000005492
000005493
000005494
000005495
000005496
000005497
000005498
000005499
000005500
000005501
000005502
000005503
000005504
000005505
000005506
000005507
000005508
000005509
000005510
000005511
000005512
000005513
000005514
000005515
000005516
000005517
000005518
000005519
000005520
000005521
000005522
000005523
000005524
000005525
000005526
000005527
000005528
000005529
000005530
000005531
000005532
000005533
000005534
000005535
000005536
000005537
000005538
000005539
000005540
000005541
000005542
000005543
000005544
000005545
000005546
000005547
000005548
000005549
000005550
000005551
000005552
000005553
000005554
000005555
000005556
000005557
000005558
000005559
000005560
000005561
000005562
000005563
000005564
000005565
000005566
000005567
000005568
000005569
000005570
000005571
000005572
000005573
000005574
000005575
000005576
000005577
000005578
000005579
000005580
000005581
000005582
000005583
000005584
000005585
000005586
000005587
000005588
000005589
000005590
000005591
000005592
000005593
000005594
000005595
000005596
000005597
000005598
000005599
000005600
000005601
000005602
000005603
000005604
000005605
000005606
000005607
000005608
000005609
000005610
000005611
000005612
000005613
000005614
000005615
000005616
000005617
000005618
000005619
000005620
000005621
000005622
000005623
000005624
000005625
000005626
000005627
000005628
000005629
000005630
000005631
000005632
000005633
000005634
000005635
000005636
000005637
000005638
000005639
000005640
000005641
000005642
000005643
000005644
000005645
000005646
000005647
000005648
000005649
000005650
000005651
000005652
000005653
000005654
000005655
000005656
000005657
000005658
000005664
000005665
000005666
000005667
000005668
000005669
000005670
000005671
000005672
000005673
000005674
000005675
000005676
000005677
000005678
000005679
000005680
000005681
000005682
000005683
000015046
000015047
000015048
000015049
000015050
000015051
000015052
000015053
000015054
000015055
000015056
000015057
000015058
000015059
000015060
000015061
000015062
000015063
000015064
000015065
000015076
000015077
000015078
000015079
000015080
000015081
000015082
000015083
000015084
000015085
000015091
000015092
000015093
000015094
000015095
000015111
000015112
000015113
000015114
000015115
000015116
000015117
000015118
000015119
000015120
000015131
000015132
000015133
000015134
000015135
000015136
000015137
000015138
000015139
000015140
000015146
000015147
000015148
000015149
000015150
000015151
000015152
000015153
000015154
000015155
000015156
000015157
000015158
000015159
000015160
000015161
000015162
000015163
000015164
000015165
000015171
000015172
000015173
000015174
000015175
000015176
000015177
000015178
000015179
000015180
000015181
000015182
000015183
000015184
000015185
000015186
000015187
000015188
000015189
000015190
000015196
000015197
000015198
000015199
000015200
000015201
000015202
000015203
000015204
000015205
000015206
000015207
000015208
000015209
000015210
000015211
000015212
000015213
000015214
000015215
000015216
000015217
000015218
000015219
000015220
000015221
000015222
000015223
000015224
000015225
000015236
000015237
000015238
000015239
000015240
000015241
000015242
000015243
000015244
000015245
000015246
000015247
000015248
000015249
000015250
000015251
000015252
000015253
000015254
000015255
000015261
000015262
000015263
000015264
000015265
000015266
000015267
000015268
000015269
000015270
000015271
000015272
000015273
000015274
000015275
000015276
000015277
000015278
000015279
000015280
000015281
000015282
000015283
000015284
000015285
000015291
000015292
000015293
000015294
000015295
000015301
000015302
000015303
000015304
000015305
000015306
000015307
000015308
000015309
000015310
000015311
000015312
000015313
000015314
000015315
000015316
000015317
000015318
000015319
000015320
000015321
000015322
000015323
000015324
000015325
000015326
000015327
000015328
000015329
000015330
000015331
000015332
000015333
000015334
000015335
000015336
000015337
000015338
000015339
000015340
000015341
000015342
000015343
000015344
000015345
000015346
000015347
000015348
000015349
000015350
000015351
000015352
000015353
000015354
000015355
000015356
000015357
000015358
000015359
000015360
000015361
000015362
000015363
000015364
000015365
000015366
000015367
000015368
000015369
000015370
000015371
000015372
000015373
000015374
000015375
000015376
000015377
000015378
000015379
000015380
000015381
000015382
000015383
000015384
000015385
000015386
000015387
000015388
000015389
000015390
000015391
000015392
000015393
000015394
000015395
000015396
000015397
000015398
000015399
000015400
000015401
000015402
000015403
000015404
000015405
000015411
000015412
000015413
000015414
000015415
000015416
000015417
000015418
000015419
000015420
000015421
000015422
000015423
000015424
000015425
000015426
000015427
000015428
000015429
000015430
000015431
000015432
000015433
000015434
000015435
000015436
000015437
000015438
000015439
000015440
000015441
000015442
000015443
000015444
000015445
000015446
000015447
000015448
000015449
000015450
000015451
000015452
000015453
000015454
000015455
000015456
000015457
000015458
000015459
000015460
000015461
000015462
000015463
000015464
000015465
000015466
000015467
000015468
000015469
000015470
000015471
000015472
000015473
000015474
000015475
000015476
000015477
000015478
000015479
000015480
000015481
000015482
000015483
000015484
000015485
000015486
000015487
000015488
000015489
000015490
000015491
000015492
000015493
000015494
000015495
000015496
000015497
000015498
000015499
000015500
000015501
000015502
000015503
000015504
000015505
000015506
000015507
000015508
000015509
000015510
000015511
000015512
000015513
000015514
000015515
000015516
000015517
000015518
000015519
000015520
000015521
000015522
000015523
000015524
000015525
